englishdigits data, k=16, iterations=32

[array([ 0.319561  , -0.8660447 ,  0.22571703, -0.10777712,  0.18901408,
        0.10516091,  0.1362989 ,  0.07602836,  0.09522058,  0.12259971,
        0.04584505,  0.08657765]), array([  2.57314806e+00,  -1.02347659e+00,  -2.60739126e-01,
         3.70648564e-01,   2.50547801e-01,  -5.23133256e-02,
         1.34735937e-01,   9.25527426e-02,   2.40273998e-03,
        -3.75282623e-02,  -7.21998737e-02,  -5.01478027e-02]), array([ 2.17801204, -0.21081403, -0.05647071,  0.11356318,  0.30540487,
       -0.27422316,  0.13918193, -0.04749624,  0.01748767, -0.08353594,
       -0.18350117,  0.11308616]), array([ 0.,  0.,  0.,  0.,  0.,  0.,  0.,  0.,  0.,  0.,  0.,  0.]), array([ 2.08354842, -0.10596704,  0.13499566,  0.29022577,  0.73087801,
        0.03826912, -0.06975484,  0.08541746,  0.02234728, -0.02952818,
       -0.1227111 , -0.03383162]), array([ 0.,  0.,  0.,  0.,  0.,  0.,  0.,  0.,  0.,  0.,  0.,  0.]), array([ 2.66230044, -0.53882904, -0.35558241, -0.03430733,  0.46374271,
       -0.12317282,  0.12398554,  0.14525941, -0.01789652, -0.01621892,
       -0.11688159,  0.01866724]), array([ 2.32011124, -1.09111475, -0.56638308,  0.50327635,  0.58225488,
        0.08524636,  0.33532132,  0.17947361,  0.00843793, -0.13486133,
       -0.07120217,  0.06784791]), array([-0.159658  , -1.42680264,  0.46312531,  0.20547435,  0.11815787,
        0.02980057,  0.22844316,  0.14209158,  0.08058155,  0.05069886,
       -0.02440844,  0.09196686]), array([ 1.65214331, -0.64420849,  0.1712951 ,  0.10513241,  0.33537875,
        0.19275836,  0.20269572,  0.15233393,  0.10823867,  0.04467386,
        0.03143055,  0.12251337]), array([ 1.79481501, -0.85022837, -0.23581232,  0.24629418,  0.74944899,
        0.31509299,  0.21613011,  0.20553121,  0.07872967, -0.07580064,
       -0.0335746 ,  0.12869056]), array([  2.10419899e+00,  -4.08383132e-01,   2.86465538e-01,
         4.16711014e-01,   3.58897737e-01,  -2.99112072e-03,
         2.20068298e-01,   1.06985376e-01,   4.62707274e-05,
        -6.63421815e-03,  -1.10558769e-02,   6.81154014e-02]), array([ 0.1038904 , -0.79684001,  0.4844243 ,  0.02525403,  0.25497402,
        0.20028268,  0.22621673,  0.10732803,  0.10928021,  0.08042877,
        0.03709009,  0.09923306]), array([ 0.,  0.,  0.,  0.,  0.,  0.,  0.,  0.,  0.,  0.,  0.,  0.]), array([  1.83823723e+00,  -3.13948533e-01,  -2.02338774e-02,
        -1.65722383e-02,   4.06304623e-01,   2.53057468e-01,
         4.48332531e-01,   1.58603865e-01,   3.04468438e-02,
        -3.01631878e-02,   8.37888170e-04,   1.59208638e-01]), array([ 2.47408264, -0.76347115,  0.17301354,  0.35106923,  0.24905391,
        0.06704476, -0.11773927,  0.03199088,  0.02845557, -0.15327134,
       -0.13165668,  0.00888638])]
[array([[  3.37746827e-01,  -2.80573159e-02,   1.49870988e-02,
          1.43896767e-02,  -3.53114726e-02,   1.84159306e-04,
         -1.54834880e-02,   9.38140556e-03,   1.18506819e-02,
          1.27639749e-02,   1.63147739e-02,   1.41716421e-02],
       [ -2.80573159e-02,   3.91703933e-02,  -1.05393479e-03,
         -3.53207034e-03,   4.41889278e-03,  -6.49362852e-03,
          1.66272347e-03,  -6.16658861e-03,  -1.69910637e-03,
         -6.13371449e-04,  -2.65824461e-04,   1.55012853e-03],
       [  1.49870988e-02,  -1.05393479e-03,   1.89935264e-02,
         -6.80177773e-04,  -2.65234536e-03,   2.47818781e-03,
         -2.43108783e-03,   2.87667941e-03,  -6.59126490e-04,
          2.02662320e-03,   3.26001166e-03,   1.03130080e-03],
       [  1.43896767e-02,  -3.53207034e-03,  -6.80177773e-04,
          1.41002149e-02,  -1.20957940e-03,   7.82841622e-04,
          1.77443455e-03,  -2.16248397e-04,   2.50544555e-03,
          4.14079460e-04,   9.45458269e-04,   1.78578197e-03],
       [ -3.53114726e-02,   4.41889278e-03,  -2.65234536e-03,
         -1.20957940e-03,   1.77288743e-02,   1.28319793e-03,
          1.87025546e-03,   7.26894194e-04,  -1.89520929e-03,
         -1.27140335e-03,  -2.53997881e-03,  -2.08014291e-04],
       [  1.84159306e-04,  -6.49362852e-03,   2.47818781e-03,
          7.82841622e-04,   1.28319793e-03,   1.13724141e-02,
          1.78553732e-03,   1.68225361e-03,   5.25224616e-04,
         -3.79220736e-04,   1.42536037e-03,   2.19551904e-04],
       [ -1.54834880e-02,   1.66272347e-03,  -2.43108783e-03,
          1.77443455e-03,   1.87025546e-03,   1.78553732e-03,
          1.29057074e-02,  -1.39013534e-04,  -1.39089571e-03,
          4.85869040e-04,  -1.59060877e-03,   3.04062504e-04],
       [  9.38140556e-03,  -6.16658861e-03,   2.87667941e-03,
         -2.16248397e-04,   7.26894194e-04,   1.68225361e-03,
         -1.39013534e-04,   1.09021107e-02,   1.47421559e-03,
         -1.70096109e-06,   1.77896460e-03,  -5.49375839e-04],
       [  1.18506819e-02,  -1.69910637e-03,  -6.59126490e-04,
          2.50544555e-03,  -1.89520929e-03,   5.25224616e-04,
         -1.39089571e-03,   1.47421559e-03,   7.94130553e-03,
          9.34022203e-04,  -7.38976749e-04,   1.19241019e-03],
       [  1.27639749e-02,  -6.13371449e-04,   2.02662320e-03,
          4.14079460e-04,  -1.27140335e-03,  -3.79220736e-04,
          4.85869040e-04,  -1.70096109e-06,   9.34022203e-04,
          7.05671407e-03,   1.42560616e-03,  -1.25913450e-03],
       [  1.63147739e-02,  -2.65824461e-04,   3.26001166e-03,
          9.45458269e-04,  -2.53997881e-03,   1.42536037e-03,
         -1.59060877e-03,   1.77896460e-03,  -7.38976749e-04,
          1.42560616e-03,   6.18514139e-03,   9.84154790e-04],
       [  1.41716421e-02,   1.55012853e-03,   1.03130080e-03,
          1.78578197e-03,  -2.08014291e-04,   2.19551904e-04,
          3.04062504e-04,  -5.49375839e-04,   1.19241019e-03,
         -1.25913450e-03,   9.84154790e-04,   6.36625748e-03]]), array([[  1.76297263e-01,   5.31243091e-02,  -5.28565190e-02,
         -4.54472188e-02,  -1.67051900e-02,  -3.57329055e-02,
         -4.94414365e-02,   4.08075385e-03,   1.33200236e-02,
         -8.44987692e-03,  -1.34401126e-03,   8.73438314e-03],
       [  5.31243091e-02,   1.37911419e-01,  -2.72727971e-02,
         -4.25302270e-02,  -2.55310792e-02,  -4.55969838e-02,
         -3.93276638e-02,  -1.43525119e-02,   1.42098911e-02,
         -2.08612698e-03,  -7.13490156e-04,   1.32509540e-02],
       [ -5.28565190e-02,  -2.72727971e-02,   6.12267053e-02,
          1.98747703e-02,  -6.03469507e-03,   9.71956815e-03,
          1.77385341e-02,   2.22556111e-03,  -1.10308926e-02,
          3.84088953e-03,   2.38729525e-03,  -4.17153799e-03],
       [ -4.54472188e-02,  -4.25302270e-02,   1.98747703e-02,
          4.25226185e-02,   5.11970670e-03,   1.03523833e-02,
          2.32630363e-02,   6.10634043e-03,  -8.43255959e-03,
         -8.76404685e-04,   4.11848372e-03,  -3.02832612e-03],
       [ -1.67051900e-02,  -2.55310792e-02,  -6.03469507e-03,
          5.11970670e-03,   2.87621858e-02,   1.80157095e-02,
          6.48635134e-03,   3.08767129e-03,   2.41724019e-04,
          2.48295112e-03,  -1.01885535e-04,   6.57025308e-05],
       [ -3.57329055e-02,  -4.55969838e-02,   9.71956815e-03,
          1.03523833e-02,   1.80157095e-02,   4.69093572e-02,
          2.60289141e-02,   4.72120975e-03,  -1.37602427e-03,
         -2.79125521e-04,  -6.76999652e-03,  -4.66050044e-03],
       [ -4.94414365e-02,  -3.93276638e-02,   1.77385341e-02,
          2.32630363e-02,   6.48635134e-03,   2.60289141e-02,
          4.52288563e-02,   1.65142473e-02,  -7.92262500e-03,
         -5.39239712e-03,  -1.92286092e-03,  -3.98009356e-03],
       [  4.08075385e-03,  -1.43525119e-02,   2.22556111e-03,
          6.10634043e-03,   3.08767129e-03,   4.72120975e-03,
          1.65142473e-02,   2.13673925e-02,   2.20639414e-03,
         -6.39215329e-03,  -1.62015103e-03,   4.78493520e-04],
       [  1.33200236e-02,   1.42098911e-02,  -1.10308926e-02,
         -8.43255959e-03,   2.41724019e-04,  -1.37602427e-03,
         -7.92262500e-03,   2.20639414e-03,   1.10886007e-02,
          2.34450978e-03,  -3.01657653e-03,   4.55102407e-04],
       [ -8.44987692e-03,  -2.08612698e-03,   3.84088953e-03,
         -8.76404685e-04,   2.48295112e-03,  -2.79125521e-04,
         -5.39239712e-03,  -6.39215329e-03,   2.34450978e-03,
          1.02960938e-02,   4.23227892e-03,  -2.09575617e-03],
       [ -1.34401126e-03,  -7.13490156e-04,   2.38729525e-03,
          4.11848372e-03,  -1.01885535e-04,  -6.76999652e-03,
         -1.92286092e-03,  -1.62015103e-03,  -3.01657653e-03,
          4.23227892e-03,   8.75580143e-03,   2.74242745e-03],
       [  8.73438314e-03,   1.32509540e-02,  -4.17153799e-03,
         -3.02832612e-03,   6.57025308e-05,  -4.66050044e-03,
         -3.98009356e-03,   4.78493520e-04,   4.55102407e-04,
         -2.09575617e-03,   2.74242745e-03,   7.85447254e-03]]), array([[  2.35826767e-01,  -6.33248843e-02,  -5.16024056e-02,
         -1.24407784e-02,  -1.88018883e-02,  -3.93029212e-02,
         -2.83116343e-02,  -1.44384807e-02,  -2.01216639e-02,
          6.00488924e-03,  -1.73367848e-03,  -1.56346965e-03],
       [ -6.33248843e-02,   6.85864590e-02,   2.01025435e-02,
          1.49268467e-02,   2.21646004e-02,   8.49732624e-03,
          2.47574937e-03,   3.33969910e-03,   2.19747360e-03,
         -9.98074323e-03,  -2.16071154e-03,  -8.36379684e-04],
       [ -5.16024056e-02,   2.01025435e-02,   4.80005884e-02,
         -7.27528223e-03,  -7.87914026e-03,   1.19506759e-02,
          9.21105543e-03,   8.57084656e-03,   7.04902020e-03,
          1.57225625e-03,  -1.00876587e-02,   7.93277270e-04],
       [ -1.24407784e-02,   1.49268467e-02,  -7.27528223e-03,
          7.12206890e-02,   2.13493885e-02,  -6.76771415e-03,
          1.23910173e-03,  -6.83559433e-03,  -8.83301779e-03,
         -1.27782350e-02,   1.30533563e-02,  -8.13951076e-03],
       [ -1.88018883e-02,   2.21646004e-02,  -7.87914026e-03,
          2.13493885e-02,   4.70664696e-02,   4.67257214e-03,
         -7.80883754e-03,   1.54061894e-03,  -1.02813900e-02,
         -7.66286024e-03,  -3.63570574e-03,  -1.70291310e-04],
       [ -3.93029212e-02,   8.49732624e-03,   1.19506759e-02,
         -6.76771415e-03,   4.67257214e-03,   2.77384040e-02,
          9.31559838e-03,   1.38457941e-03,   6.96362246e-03,
         -2.24822389e-04,   6.69698407e-04,   2.16687227e-04],
       [ -2.83116343e-02,   2.47574937e-03,   9.21105543e-03,
          1.23910173e-03,  -7.80883754e-03,   9.31559838e-03,
          2.83611979e-02,   1.01792298e-02,   5.36993195e-03,
          4.04011781e-04,   1.19132585e-03,   2.02995354e-03],
       [ -1.44384807e-02,   3.33969910e-03,   8.57084656e-03,
         -6.83559433e-03,   1.54061894e-03,   1.38457941e-03,
          1.01792298e-02,   1.97422857e-02,   5.32118604e-03,
         -7.45902962e-04,  -6.59975882e-03,   4.14329565e-04],
       [ -2.01216639e-02,   2.19747360e-03,   7.04902020e-03,
         -8.83301779e-03,  -1.02813900e-02,   6.96362246e-03,
          5.36993195e-03,   5.32118604e-03,   1.71901602e-02,
          3.03962686e-03,  -3.90128481e-03,  -1.68241030e-03],
       [  6.00488924e-03,  -9.98074323e-03,   1.57225625e-03,
         -1.27782350e-02,  -7.66286024e-03,  -2.24822389e-04,
          4.04011781e-04,  -7.45902962e-04,   3.03962686e-03,
          1.01794778e-02,   5.21725373e-05,  -1.33814248e-03],
       [ -1.73367848e-03,  -2.16071154e-03,  -1.00876587e-02,
          1.30533563e-02,  -3.63570574e-03,   6.69698407e-04,
          1.19132585e-03,  -6.59975882e-03,  -3.90128481e-03,
          5.21725373e-05,   1.81107112e-02,   8.72383405e-04],
       [ -1.56346965e-03,  -8.36379684e-04,   7.93277270e-04,
         -8.13951076e-03,  -1.70291310e-04,   2.16687227e-04,
          2.02995354e-03,   4.14329565e-04,  -1.68241030e-03,
         -1.33814248e-03,   8.72383405e-04,   9.32857647e-03]]), array([[  1.18550277e-03,   0.00000000e+00,   0.00000000e+00,
          0.00000000e+00,   0.00000000e+00,   0.00000000e+00,
          0.00000000e+00,   0.00000000e+00,   0.00000000e+00,
          0.00000000e+00,   0.00000000e+00,   0.00000000e+00],
       [  0.00000000e+00,   2.34229683e-04,   0.00000000e+00,
          0.00000000e+00,   0.00000000e+00,   0.00000000e+00,
          0.00000000e+00,   0.00000000e+00,   0.00000000e+00,
          0.00000000e+00,   0.00000000e+00,   0.00000000e+00],
       [  0.00000000e+00,   0.00000000e+00,   1.13743555e-04,
          0.00000000e+00,   0.00000000e+00,   0.00000000e+00,
          0.00000000e+00,   0.00000000e+00,   0.00000000e+00,
          0.00000000e+00,   0.00000000e+00,   0.00000000e+00],
       [  0.00000000e+00,   0.00000000e+00,   0.00000000e+00,
          7.66083721e-05,   0.00000000e+00,   0.00000000e+00,
          0.00000000e+00,   0.00000000e+00,   0.00000000e+00,
          0.00000000e+00,   0.00000000e+00,   0.00000000e+00],
       [  0.00000000e+00,   0.00000000e+00,   0.00000000e+00,
          0.00000000e+00,   7.13933794e-05,   0.00000000e+00,
          0.00000000e+00,   0.00000000e+00,   0.00000000e+00,
          0.00000000e+00,   0.00000000e+00,   0.00000000e+00],
       [  0.00000000e+00,   0.00000000e+00,   0.00000000e+00,
          0.00000000e+00,   0.00000000e+00,   3.95527821e-05,
          0.00000000e+00,   0.00000000e+00,   0.00000000e+00,
          0.00000000e+00,   0.00000000e+00,   0.00000000e+00],
       [  0.00000000e+00,   0.00000000e+00,   0.00000000e+00,
          0.00000000e+00,   0.00000000e+00,   0.00000000e+00,
          3.76371426e-05,   0.00000000e+00,   0.00000000e+00,
          0.00000000e+00,   0.00000000e+00,   0.00000000e+00],
       [  0.00000000e+00,   0.00000000e+00,   0.00000000e+00,
          0.00000000e+00,   0.00000000e+00,   0.00000000e+00,
          0.00000000e+00,   1.95964462e-05,   0.00000000e+00,
          0.00000000e+00,   0.00000000e+00,   0.00000000e+00],
       [  0.00000000e+00,   0.00000000e+00,   0.00000000e+00,
          0.00000000e+00,   0.00000000e+00,   0.00000000e+00,
          0.00000000e+00,   0.00000000e+00,   1.24592358e-05,
          0.00000000e+00,   0.00000000e+00,   0.00000000e+00],
       [  0.00000000e+00,   0.00000000e+00,   0.00000000e+00,
          0.00000000e+00,   0.00000000e+00,   0.00000000e+00,
          0.00000000e+00,   0.00000000e+00,   0.00000000e+00,
          1.37839903e-05,   0.00000000e+00,   0.00000000e+00],
       [  0.00000000e+00,   0.00000000e+00,   0.00000000e+00,
          0.00000000e+00,   0.00000000e+00,   0.00000000e+00,
          0.00000000e+00,   0.00000000e+00,   0.00000000e+00,
          0.00000000e+00,   1.27095531e-05,   0.00000000e+00],
       [  0.00000000e+00,   0.00000000e+00,   0.00000000e+00,
          0.00000000e+00,   0.00000000e+00,   0.00000000e+00,
          0.00000000e+00,   0.00000000e+00,   0.00000000e+00,
          0.00000000e+00,   0.00000000e+00,   1.00620403e-05]]), array([[  1.29699291e-01,  -5.78726311e-02,  -5.90512088e-02,
          3.56674228e-03,  -5.37959880e-03,  -2.78994964e-02,
          2.84394712e-03,  -2.09748579e-02,  -2.55800468e-02,
          6.21697776e-03,  -1.09517580e-02,   5.77297618e-03],
       [ -5.78726311e-02,   1.22396150e-01,   2.83173446e-02,
         -4.35594527e-02,  -3.10258575e-02,   1.47403525e-02,
         -7.95891455e-04,   8.38093063e-03,   3.00705537e-02,
         -8.70013472e-03,   6.77281326e-03,  -5.34735983e-03],
       [ -5.90512088e-02,   2.83173446e-02,   7.20146188e-02,
          5.54894528e-03,   4.06500263e-04,   1.36410788e-02,
         -1.13911074e-02,   1.15991324e-02,   1.13499121e-02,
         -8.24532621e-03,   1.18743459e-02,   2.77709695e-04],
       [  3.56674228e-03,  -4.35594527e-02,   5.54894528e-03,
          7.58573279e-02,   1.73597869e-02,  -8.48699868e-03,
          1.26319738e-02,   1.85697447e-03,  -5.15752330e-03,
         -1.03605832e-03,  -1.54767587e-03,   1.13435046e-02],
       [ -5.37959880e-03,  -3.10258575e-02,   4.06500263e-04,
          1.73597869e-02,   3.79086640e-02,  -1.94810986e-03,
         -5.08661534e-03,  -7.93145312e-03,  -1.43251462e-02,
          6.89184942e-03,  -2.25752967e-03,  -4.38995837e-04],
       [ -2.78994964e-02,   1.47403525e-02,   1.36410788e-02,
         -8.48699868e-03,  -1.94810986e-03,   2.92234265e-02,
         -4.27613106e-03,   4.99851429e-03,   1.03767637e-02,
         -1.97859279e-03,   7.05425689e-03,  -7.28435114e-03],
       [  2.84394712e-03,  -7.95891455e-04,  -1.13911074e-02,
          1.26319738e-02,  -5.08661534e-03,  -4.27613106e-03,
          2.62307666e-02,   4.82954236e-03,   8.81029818e-04,
          1.15275415e-04,  -6.59480277e-03,   7.37476535e-03],
       [ -2.09748579e-02,   8.38093063e-03,   1.15991324e-02,
          1.85697447e-03,  -7.93145312e-03,   4.99851429e-03,
          4.82954236e-03,   2.40102370e-02,   8.17925472e-03,
         -4.47671310e-03,   1.42918499e-03,  -8.11103376e-04],
       [ -2.55800468e-02,   3.00705537e-02,   1.13499121e-02,
         -5.15752330e-03,  -1.43251462e-02,   1.03767637e-02,
          8.81029818e-04,   8.17925472e-03,   2.13536312e-02,
         -2.36220237e-03,   4.83692630e-03,  -2.34188503e-03],
       [  6.21697776e-03,  -8.70013472e-03,  -8.24532621e-03,
         -1.03605832e-03,   6.89184942e-03,  -1.97859279e-03,
          1.15275415e-04,  -4.47671310e-03,  -2.36220237e-03,
          9.81515466e-03,  -1.31307271e-03,  -2.20074682e-03],
       [ -1.09517580e-02,   6.77281326e-03,   1.18743459e-02,
         -1.54767587e-03,  -2.25752967e-03,   7.05425689e-03,
         -6.59480277e-03,   1.42918499e-03,   4.83692630e-03,
         -1.31307271e-03,   8.20127679e-03,  -1.70657684e-03],
       [  5.77297618e-03,  -5.34735983e-03,   2.77709695e-04,
          1.13435046e-02,  -4.38995837e-04,  -7.28435114e-03,
          7.37476535e-03,  -8.11103376e-04,  -2.34188503e-03,
         -2.20074682e-03,  -1.70657684e-03,   8.52959783e-03]]), array([[  1.18550277e-03,   0.00000000e+00,   0.00000000e+00,
          0.00000000e+00,   0.00000000e+00,   0.00000000e+00,
          0.00000000e+00,   0.00000000e+00,   0.00000000e+00,
          0.00000000e+00,   0.00000000e+00,   0.00000000e+00],
       [  0.00000000e+00,   2.34229683e-04,   0.00000000e+00,
          0.00000000e+00,   0.00000000e+00,   0.00000000e+00,
          0.00000000e+00,   0.00000000e+00,   0.00000000e+00,
          0.00000000e+00,   0.00000000e+00,   0.00000000e+00],
       [  0.00000000e+00,   0.00000000e+00,   1.13743555e-04,
          0.00000000e+00,   0.00000000e+00,   0.00000000e+00,
          0.00000000e+00,   0.00000000e+00,   0.00000000e+00,
          0.00000000e+00,   0.00000000e+00,   0.00000000e+00],
       [  0.00000000e+00,   0.00000000e+00,   0.00000000e+00,
          7.66083721e-05,   0.00000000e+00,   0.00000000e+00,
          0.00000000e+00,   0.00000000e+00,   0.00000000e+00,
          0.00000000e+00,   0.00000000e+00,   0.00000000e+00],
       [  0.00000000e+00,   0.00000000e+00,   0.00000000e+00,
          0.00000000e+00,   7.13933794e-05,   0.00000000e+00,
          0.00000000e+00,   0.00000000e+00,   0.00000000e+00,
          0.00000000e+00,   0.00000000e+00,   0.00000000e+00],
       [  0.00000000e+00,   0.00000000e+00,   0.00000000e+00,
          0.00000000e+00,   0.00000000e+00,   3.95527821e-05,
          0.00000000e+00,   0.00000000e+00,   0.00000000e+00,
          0.00000000e+00,   0.00000000e+00,   0.00000000e+00],
       [  0.00000000e+00,   0.00000000e+00,   0.00000000e+00,
          0.00000000e+00,   0.00000000e+00,   0.00000000e+00,
          3.76371426e-05,   0.00000000e+00,   0.00000000e+00,
          0.00000000e+00,   0.00000000e+00,   0.00000000e+00],
       [  0.00000000e+00,   0.00000000e+00,   0.00000000e+00,
          0.00000000e+00,   0.00000000e+00,   0.00000000e+00,
          0.00000000e+00,   1.95964462e-05,   0.00000000e+00,
          0.00000000e+00,   0.00000000e+00,   0.00000000e+00],
       [  0.00000000e+00,   0.00000000e+00,   0.00000000e+00,
          0.00000000e+00,   0.00000000e+00,   0.00000000e+00,
          0.00000000e+00,   0.00000000e+00,   1.24592358e-05,
          0.00000000e+00,   0.00000000e+00,   0.00000000e+00],
       [  0.00000000e+00,   0.00000000e+00,   0.00000000e+00,
          0.00000000e+00,   0.00000000e+00,   0.00000000e+00,
          0.00000000e+00,   0.00000000e+00,   0.00000000e+00,
          1.37839903e-05,   0.00000000e+00,   0.00000000e+00],
       [  0.00000000e+00,   0.00000000e+00,   0.00000000e+00,
          0.00000000e+00,   0.00000000e+00,   0.00000000e+00,
          0.00000000e+00,   0.00000000e+00,   0.00000000e+00,
          0.00000000e+00,   1.27095531e-05,   0.00000000e+00],
       [  0.00000000e+00,   0.00000000e+00,   0.00000000e+00,
          0.00000000e+00,   0.00000000e+00,   0.00000000e+00,
          0.00000000e+00,   0.00000000e+00,   0.00000000e+00,
          0.00000000e+00,   0.00000000e+00,   1.00620403e-05]]), array([[ 0.09280324,  0.01263638, -0.01083562, -0.00339936, -0.02665573,
        -0.03638687, -0.02838629, -0.00641935,  0.00756592,  0.00403621,
        -0.00311483, -0.00679488],
       [ 0.01263638,  0.15730354,  0.02324841, -0.08920628, -0.04082104,
         0.00195605, -0.04129909, -0.02888793,  0.00452575,  0.01701415,
         0.00873339, -0.0187825 ],
       [-0.01083562,  0.02324841,  0.03626838, -0.0131576 , -0.01655739,
        -0.00309255, -0.00391589,  0.0063683 , -0.00436188,  0.0018486 ,
         0.00596199,  0.00092522],
       [-0.00339936, -0.08920628, -0.0131576 ,  0.08348316,  0.0126118 ,
        -0.01965718,  0.02831017,  0.01273205,  0.00638691, -0.01235765,
        -0.00379876,  0.02037049],
       [-0.02665573, -0.04082104, -0.01655739,  0.0126118 ,  0.04475696,
         0.03003666,  0.01260521,  0.00669216, -0.00409185, -0.0007685 ,
        -0.0026501 ,  0.00342901],
       [-0.03638687,  0.00195605, -0.00309255, -0.01965718,  0.03003666,
         0.05378244,  0.0132916 ,  0.00587433, -0.00458437,  0.00023696,
         0.00431704, -0.00523738],
       [-0.02838629, -0.04129909, -0.00391589,  0.02831017,  0.01260521,
         0.0132916 ,  0.04618557,  0.01666904, -0.00300195, -0.00995483,
        -0.00569349,  0.01070735],
       [-0.00641935, -0.02888793,  0.0063683 ,  0.01273205,  0.00669216,
         0.00587433,  0.01666904,  0.02362917, -0.00129087, -0.00966002,
        -0.00394566,  0.00386733],
       [ 0.00756592,  0.00452575, -0.00436188,  0.00638691, -0.00409185,
        -0.00458437, -0.00300195, -0.00129087,  0.00913921,  0.00115846,
        -0.00099555, -0.00064078],
       [ 0.00403621,  0.01701415,  0.0018486 , -0.01235765, -0.0007685 ,
         0.00023696, -0.00995483, -0.00966002,  0.00115846,  0.01047567,
         0.0040186 , -0.00337126],
       [-0.00311483,  0.00873339,  0.00596199, -0.00379876, -0.0026501 ,
         0.00431704, -0.00569349, -0.00394566, -0.00099555,  0.0040186 ,
         0.01015045,  0.00171829],
       [-0.00679488, -0.0187825 ,  0.00092522,  0.02037049,  0.00342901,
        -0.00523738,  0.01070735,  0.00386733, -0.00064078, -0.00337126,
         0.00171829,  0.01184302]]), array([[ 0.11008153,  0.00911077, -0.03230568, -0.02247367, -0.00400484,
        -0.00535768, -0.00262087,  0.01578956,  0.00239531, -0.01133955,
        -0.01516104, -0.01036161],
       [ 0.00911077,  0.05773878, -0.01079065, -0.02307097, -0.01337541,
         0.00177905, -0.00080869, -0.00579117,  0.01277585, -0.00147412,
        -0.00732998, -0.00944844],
       [-0.03230568, -0.01079065,  0.04694974,  0.00430722, -0.00445963,
        -0.00232964,  0.01213315,  0.00714769, -0.00972964,  0.0034879 ,
         0.00492884,  0.00704205],
       [-0.02247367, -0.02307097,  0.00430722,  0.03139325,  0.00167829,
        -0.00274779,  0.00089864,  0.00200151, -0.00153724, -0.00157435,
         0.00912732,  0.00604971],
       [-0.00400484, -0.01337541, -0.00445963,  0.00167829,  0.03339249,
         0.00370795, -0.00614565, -0.00459357,  0.00228949,  0.00794918,
         0.00073187,  0.00822042],
       [-0.00535768,  0.00177905, -0.00232964, -0.00274779,  0.00370795,
         0.01709107, -0.00370007, -0.00777757, -0.00158496,  0.00674595,
         0.0043167 , -0.00159279],
       [-0.00262087, -0.00080869,  0.01213315,  0.00089864, -0.00614565,
        -0.00370007,  0.01748124,  0.00823264, -0.00521908, -0.0054353 ,
         0.00215654,  0.00606388],
       [ 0.01578956, -0.00579117,  0.00714769,  0.00200151, -0.00459357,
        -0.00777757,  0.00823264,  0.01516644, -0.00226593, -0.00809252,
        -0.00291554,  0.0045917 ],
       [ 0.00239531,  0.01277585, -0.00972964, -0.00153724,  0.00228949,
        -0.00158496, -0.00521908, -0.00226593,  0.00992872,  0.00166393,
        -0.00320426, -0.00355245],
       [-0.01133955, -0.00147412,  0.0034879 , -0.00157435,  0.00794918,
         0.00674595, -0.0054353 , -0.00809252,  0.00166393,  0.01125723,
         0.00290707, -0.00274808],
       [-0.01516104, -0.00732998,  0.00492884,  0.00912732,  0.00073187,
         0.0043167 ,  0.00215654, -0.00291554, -0.00320426,  0.00290707,
         0.00827466,  0.00361909],
       [-0.01036161, -0.00944844,  0.00704205,  0.00604971,  0.00822042,
        -0.00159279,  0.00606388,  0.0045917 , -0.00355245, -0.00274808,
         0.00361909,  0.01177963]]), array([[  2.27628881e-01,   1.32072322e-02,  -5.40889814e-02,
          6.05178834e-03,   3.13570763e-02,  -1.36321818e-02,
         -8.08445703e-04,   3.21789249e-02,   4.07811503e-03,
          6.64071824e-03,   8.98711173e-03,  -3.73790757e-03],
       [  1.32072322e-02,   4.19617514e-02,  -4.09906416e-03,
         -9.82062943e-03,   5.63298480e-03,   8.80594077e-03,
          5.46638403e-03,  -3.86517885e-03,   5.55413343e-03,
          5.82920285e-03,   2.95756099e-03,   1.07556939e-03],
       [ -5.40889814e-02,  -4.09906416e-03,   3.80009064e-02,
          5.03281574e-03,  -1.07025487e-02,   7.85161744e-03,
         -9.66194961e-05,  -7.47588256e-03,  -1.54114218e-03,
          1.84556718e-03,   1.75580629e-03,   1.53310102e-03],
       [  6.05178834e-03,  -9.82062943e-03,   5.03281574e-03,
          2.86891293e-02,   4.22315951e-03,  -7.42889720e-03,
          2.20620652e-03,   3.79560568e-03,   5.70010909e-05,
         -2.33900676e-03,   3.88056853e-03,   4.84179373e-03],
       [  3.13570763e-02,   5.63298480e-03,  -1.07025487e-02,
          4.22315951e-03,   2.52097259e-02,   5.05815228e-04,
         -8.61437747e-04,   3.72718992e-03,  -1.48395196e-03,
          2.04518697e-03,   3.09255190e-03,   4.35908311e-03],
       [ -1.36321818e-02,   8.80594077e-03,   7.85161744e-03,
         -7.42889720e-03,   5.05815228e-04,   1.83625551e-02,
         -3.89191935e-04,  -9.18098468e-03,   5.80349907e-04,
          3.35344629e-03,   2.70100804e-03,  -1.60616867e-04],
       [ -8.08445703e-04,   5.46638403e-03,  -9.66194961e-05,
          2.20620652e-03,  -8.61437747e-04,  -3.89191935e-04,
          1.09677712e-02,  -1.13823569e-03,  -2.35300806e-03,
          9.38873339e-04,   6.07955786e-04,   2.33040536e-03],
       [  3.21789249e-02,  -3.86517885e-03,  -7.47588256e-03,
          3.79560568e-03,   3.72718992e-03,  -9.18098468e-03,
         -1.13823569e-03,   1.62574982e-02,   4.24546519e-04,
         -3.32374234e-03,   1.39001563e-03,  -4.66368801e-04],
       [  4.07811503e-03,   5.55413343e-03,  -1.54114218e-03,
          5.70010909e-05,  -1.48395196e-03,   5.80349907e-04,
         -2.35300806e-03,   4.24546519e-04,   8.27842124e-03,
          1.23319556e-03,  -3.23401952e-03,  -8.62488155e-04],
       [  6.64071824e-03,   5.82920285e-03,   1.84556718e-03,
         -2.33900676e-03,   2.04518697e-03,   3.35344629e-03,
          9.38873339e-04,  -3.32374234e-03,   1.23319556e-03,
          8.75135224e-03,   1.07217056e-04,  -3.43349751e-03],
       [  8.98711173e-03,   2.95756099e-03,   1.75580629e-03,
          3.88056853e-03,   3.09255190e-03,   2.70100804e-03,
          6.07955786e-04,   1.39001563e-03,  -3.23401952e-03,
          1.07217056e-04,   6.90693044e-03,   1.06517612e-03],
       [ -3.73790757e-03,   1.07556939e-03,   1.53310102e-03,
          4.84179373e-03,   4.35908311e-03,  -1.60616867e-04,
          2.33040536e-03,  -4.66368801e-04,  -8.62488155e-04,
         -3.43349751e-03,   1.06517612e-03,   5.94127352e-03]]), array([[  2.04456975e-01,   3.93035101e-02,  -2.72105425e-02,
         -9.45077153e-03,  -1.78313279e-03,   1.91852813e-02,
          2.75540576e-03,   2.38322110e-03,  -2.80164503e-03,
         -1.06703428e-02,   4.00836451e-03,   2.81593978e-03],
       [  3.93035101e-02,   1.53215254e-01,   2.87546621e-02,
         -2.74853489e-02,  -2.82578402e-03,  -4.27618921e-03,
         -4.63503601e-03,  -4.49670371e-03,   2.85663375e-03,
          1.93584242e-03,   1.09961203e-02,   8.59144197e-03],
       [ -2.72105425e-02,   2.87546621e-02,   7.06346570e-02,
          1.46571506e-02,  -1.54701079e-02,  -4.01162286e-03,
         -3.51356101e-04,  -2.21582525e-03,  -1.59467812e-03,
          5.99474089e-03,   1.11512060e-02,   3.51160769e-03],
       [ -9.45077153e-03,  -2.74853489e-02,   1.46571506e-02,
          4.63990921e-02,   4.83364587e-03,  -1.81192716e-03,
          7.19868341e-03,   2.34190117e-03,  -2.28375919e-03,
         -1.35423919e-03,   2.96627564e-03,   2.03423089e-03],
       [ -1.78313279e-03,  -2.82578402e-03,  -1.54701079e-02,
          4.83364587e-03,   3.12881983e-02,   1.13646283e-02,
          9.80814270e-05,   4.60675414e-04,   4.96250417e-04,
         -1.11217682e-03,  -3.09165449e-03,   2.70686878e-04],
       [  1.91852813e-02,  -4.27618921e-03,  -4.01162286e-03,
         -1.81192716e-03,   1.13646283e-02,   2.65117953e-02,
          6.70798966e-03,  -3.31183594e-03,  -2.20412370e-03,
         -3.77859558e-03,   6.66802427e-04,   1.11261537e-03],
       [  2.75540576e-03,  -4.63503601e-03,  -3.51356101e-04,
          7.19868341e-03,   9.80814270e-05,   6.70798966e-03,
          1.82811666e-02,   4.51478412e-03,  -4.71081505e-03,
         -4.03927900e-03,  -1.47789863e-03,   1.96934485e-03],
       [  2.38322110e-03,  -4.49670371e-03,  -2.21582525e-03,
          2.34190117e-03,   4.60675414e-04,  -3.31183594e-03,
          4.51478412e-03,   1.54733986e-02,   2.39526744e-03,
         -6.79043289e-03,  -3.31232834e-03,  -1.33004889e-03],
       [ -2.80164503e-03,   2.85663375e-03,  -1.59467812e-03,
         -2.28375919e-03,   4.96250417e-04,  -2.20412370e-03,
         -4.71081505e-03,   2.39526744e-03,   1.17654561e-02,
          2.03576569e-03,  -5.24435045e-03,  -1.23486696e-03],
       [ -1.06703428e-02,   1.93584242e-03,   5.99474089e-03,
         -1.35423919e-03,  -1.11217682e-03,  -3.77859558e-03,
         -4.03927900e-03,  -6.79043289e-03,   2.03576569e-03,
          1.12658810e-02,   2.72362179e-03,  -2.97280615e-03],
       [  4.00836451e-03,   1.09961203e-02,   1.11512060e-02,
          2.96627564e-03,  -3.09165449e-03,   6.66802427e-04,
         -1.47789863e-03,  -3.31232834e-03,  -5.24435045e-03,
          2.72362179e-03,   1.10911181e-02,   2.39396857e-03],
       [  2.81593978e-03,   8.59144197e-03,   3.51160769e-03,
          2.03423089e-03,   2.70686878e-04,   1.11261537e-03,
          1.96934485e-03,  -1.33004889e-03,  -1.23486696e-03,
         -2.97280615e-03,   2.39396857e-03,   6.71987000e-03]]), array([[  1.45202281e-01,  -3.63767079e-03,  -3.25958806e-02,
         -9.04004951e-03,  -3.10635483e-02,  -3.48083309e-03,
          2.10190271e-03,   1.13985617e-02,  -7.05436834e-03,
         -2.24649543e-03,  -1.49706592e-02,  -1.62443944e-02],
       [ -3.63767079e-03,   7.34705545e-02,  -1.24408467e-02,
         -4.02326626e-02,  -4.59641969e-03,   4.93202397e-03,
          4.10090685e-03,   7.65629762e-03,   3.65976502e-03,
         -7.78720609e-03,  -2.85948947e-03,  -8.82745531e-03],
       [ -3.25958806e-02,  -1.24408467e-02,   5.52383386e-02,
          4.46679395e-03,  -1.14097519e-02,  -2.54847797e-03,
          1.45552059e-03,   8.75986930e-03,  -5.32528820e-04,
          2.95450318e-03,   9.45819792e-03,   5.83192817e-03],
       [ -9.04004951e-03,  -4.02326626e-02,   4.46679395e-03,
          7.82960162e-02,  -5.69314084e-03,  -2.09588301e-02,
          2.15188079e-03,  -1.04298204e-02,   2.52987842e-03,
          1.15194817e-02,   7.94536036e-03,   1.08212608e-02],
       [ -3.10635483e-02,  -4.59641969e-03,  -1.14097519e-02,
         -5.69314084e-03,   3.77501392e-02,   4.09861412e-03,
         -1.04540534e-02,  -7.97294063e-03,  -5.66708534e-04,
          4.91042372e-03,   2.66195581e-03,   1.88164457e-03],
       [ -3.48083309e-03,   4.93202397e-03,  -2.54847797e-03,
         -2.09588301e-02,   4.09861412e-03,   2.30282909e-02,
         -1.89028919e-03,  -3.88815789e-03,  -1.32141824e-03,
         -3.11170606e-03,   4.55134772e-03,   2.36981207e-03],
       [  2.10190271e-03,   4.10090685e-03,   1.45552059e-03,
          2.15188079e-03,  -1.04540534e-02,  -1.89028919e-03,
          1.42753585e-02,  -2.77780772e-03,  -1.63222941e-03,
         -6.40438821e-04,  -3.47411481e-04,   4.54977731e-03],
       [  1.13985617e-02,   7.65629762e-03,   8.75986930e-03,
         -1.04298204e-02,  -7.97294063e-03,  -3.88815789e-03,
         -2.77780772e-03,   1.59135978e-02,  -1.62795042e-03,
         -5.89847488e-03,  -1.38558512e-03,  -4.60590655e-03],
       [ -7.05436834e-03,   3.65976502e-03,  -5.32528820e-04,
          2.52987842e-03,  -5.66708534e-04,  -1.32141824e-03,
         -1.63222941e-03,  -1.62795042e-03,   8.66235357e-03,
          1.09744213e-05,  -3.26421326e-03,  -1.19728066e-03],
       [ -2.24649543e-03,  -7.78720609e-03,   2.95450318e-03,
          1.15194817e-02,   4.91042372e-03,  -3.11170606e-03,
         -6.40438821e-04,  -5.89847488e-03,   1.09744213e-05,
          8.92305767e-03,   2.08526933e-03,  -1.00338676e-06],
       [ -1.49706592e-02,  -2.85948947e-03,   9.45819792e-03,
          7.94536036e-03,   2.66195581e-03,   4.55134772e-03,
         -3.47411481e-04,  -1.38558512e-03,  -3.26421326e-03,
          2.08526933e-03,   1.06006419e-02,   4.78797032e-03],
       [ -1.62443944e-02,  -8.82745531e-03,   5.83192817e-03,
          1.08212608e-02,   1.88164457e-03,   2.36981207e-03,
          4.54977731e-03,  -4.60590655e-03,  -1.19728066e-03,
         -1.00338676e-06,   4.78797032e-03,   9.87331528e-03]]), array([[  1.53320321e-01,  -1.35890530e-02,  -5.72299906e-02,
          1.74185818e-02,  -1.04483061e-03,  -4.22850866e-02,
         -2.78602970e-02,  -7.47991567e-03,  -1.43130540e-02,
         -2.59125316e-02,  -2.02776037e-02,  -6.51770550e-03],
       [ -1.35890530e-02,   1.16575795e-01,   3.44353150e-02,
         -2.45412585e-02,   2.38190094e-03,   2.47349289e-02,
         -1.86790130e-02,  -1.72895637e-02,   1.83836862e-02,
         -3.67652724e-03,  -6.40448411e-03,   8.01772887e-03],
       [ -5.72299906e-02,   3.44353150e-02,   7.31867126e-02,
         -3.91181392e-05,  -3.79855655e-03,   1.88522303e-02,
         -2.33415850e-03,  -3.49033609e-03,  -1.59003765e-04,
          8.51145491e-03,   4.61825565e-03,  -2.36045988e-03],
       [  1.74185818e-02,  -2.45412585e-02,  -3.91181392e-05,
          6.73263437e-02,   1.18800055e-02,  -1.89229712e-02,
         -7.02528559e-03,  -3.57831402e-03,  -1.19557840e-02,
         -1.55044927e-02,  -4.30146553e-03,  -8.41146034e-03],
       [ -1.04483061e-03,   2.38190094e-03,  -3.79855655e-03,
          1.18800055e-02,   3.22200058e-02,   2.99978515e-03,
         -1.47147680e-02,  -3.03518653e-03,   1.07085564e-03,
         -3.01030896e-03,  -6.04790784e-03,   2.51295883e-04],
       [ -4.22850866e-02,   2.47349289e-02,   1.88522303e-02,
         -1.89229712e-02,   2.99978515e-03,   4.21496180e-02,
          1.12791109e-02,  -2.42325562e-03,   9.88948550e-03,
          8.17438291e-03,   4.48178197e-03,   3.62601656e-03],
       [ -2.78602970e-02,  -1.86790130e-02,  -2.33415850e-03,
         -7.02528559e-03,  -1.47147680e-02,   1.12791109e-02,
          4.05227242e-02,   1.52909430e-02,  -2.10417102e-03,
          5.76060243e-03,   1.10837770e-02,   5.02451805e-03],
       [ -7.47991567e-03,  -1.72895637e-02,  -3.49033609e-03,
         -3.57831402e-03,  -3.03518653e-03,  -2.42325562e-03,
          1.52909430e-02,   2.58407152e-02,  -4.46248924e-05,
         -1.86915942e-03,   5.57772950e-03,   3.02803298e-03],
       [ -1.43130540e-02,   1.83836862e-02,  -1.59003765e-04,
         -1.19557840e-02,   1.07085564e-03,   9.88948550e-03,
         -2.10417102e-03,  -4.46248924e-05,   1.58317644e-02,
          6.50712732e-03,   5.25235949e-04,   3.54137370e-03],
       [ -2.59125316e-02,  -3.67652724e-03,   8.51145491e-03,
         -1.55044927e-02,  -3.01030896e-03,   8.17438291e-03,
          5.76060243e-03,  -1.86915942e-03,   6.50712732e-03,
          1.86929769e-02,   7.98799894e-03,  -1.32939758e-03],
       [ -2.02776037e-02,  -6.40448411e-03,   4.61825565e-03,
         -4.30146553e-03,  -6.04790784e-03,   4.48178197e-03,
          1.10837770e-02,   5.57772950e-03,   5.25235949e-04,
          7.98799894e-03,   1.32832399e-02,   3.84203807e-03],
       [ -6.51770550e-03,   8.01772887e-03,  -2.36045988e-03,
         -8.41146034e-03,   2.51295883e-04,   3.62601656e-03,
          5.02451805e-03,   3.02803298e-03,   3.54137370e-03,
         -1.32939758e-03,   3.84203807e-03,   1.03167227e-02]]), array([[  2.99381551e-01,   3.54244970e-02,  -3.70536894e-02,
          2.10533702e-02,   8.37339414e-03,   8.47011117e-03,
          9.60062245e-03,   4.02049574e-03,   5.72944941e-03,
         -6.63488646e-03,  -3.09198383e-03,   2.34996914e-03],
       [  3.54244970e-02,   7.64124594e-02,  -2.79943346e-03,
          3.67961589e-03,   5.12670986e-03,   1.93514590e-03,
          4.57784585e-03,  -5.20333933e-03,   4.34058553e-03,
         -7.03384659e-04,   4.11632879e-03,  -3.78217431e-03],
       [ -3.70536894e-02,  -2.79943346e-03,   6.91751429e-02,
          1.77343457e-03,  -6.91793105e-03,   5.81784133e-03,
          2.64704348e-03,   2.17719365e-03,  -1.73288300e-04,
          4.32069257e-03,  -5.70874999e-03,   1.04076639e-03],
       [  2.10533702e-02,   3.67961589e-03,   1.77343457e-03,
          3.24817089e-02,  -6.67374942e-03,  -4.07155535e-03,
          6.61857163e-03,  -3.97760447e-03,   4.74354755e-03,
         -1.20253193e-03,   1.09163460e-03,   1.78892701e-03],
       [  8.37339414e-03,   5.12670986e-03,  -6.91793105e-03,
         -6.67374942e-03,   2.65629652e-02,   2.72315292e-03,
         -5.64533998e-03,   2.33566841e-03,  -5.28566948e-03,
         -7.59076206e-04,   2.59561184e-03,   1.41304010e-03],
       [  8.47011117e-03,   1.93514590e-03,   5.81784133e-03,
         -4.07155535e-03,   2.72315292e-03,   1.51514557e-02,
          4.89366116e-04,  -3.80371896e-03,  -2.50689781e-03,
         -1.51119967e-03,   3.11210534e-04,   7.46223555e-04],
       [  9.60062245e-03,   4.57784585e-03,   2.64704348e-03,
          6.61857163e-03,  -5.64533998e-03,   4.89366116e-04,
          1.53146951e-02,  -4.40073713e-03,  -2.24816382e-03,
         -2.69470676e-04,  -2.11423842e-03,   2.03749700e-03],
       [  4.02049574e-03,  -5.20333933e-03,   2.17719365e-03,
         -3.97760447e-03,   2.33566841e-03,  -3.80371896e-03,
         -4.40073713e-03,   1.17927779e-02,  -1.59162798e-03,
         -2.75343838e-03,   2.30097608e-04,  -4.39968258e-04],
       [  5.72944941e-03,   4.34058553e-03,  -1.73288300e-04,
          4.74354755e-03,  -5.28566948e-03,  -2.50689781e-03,
         -2.24816382e-03,  -1.59162798e-03,   1.38618295e-02,
         -1.53809301e-03,  -4.92892148e-03,   6.04458112e-04],
       [ -6.63488646e-03,  -7.03384659e-04,   4.32069257e-03,
         -1.20253193e-03,  -7.59076206e-04,  -1.51119967e-03,
         -2.69470676e-04,  -2.75343838e-03,  -1.53809301e-03,
          8.35619538e-03,   1.32144022e-04,  -3.76936842e-03],
       [ -3.09198383e-03,   4.11632879e-03,  -5.70874999e-03,
          1.09163460e-03,   2.59561184e-03,   3.11210534e-04,
         -2.11423842e-03,   2.30097608e-04,  -4.92892148e-03,
          1.32144022e-04,   8.01549034e-03,  -1.82106201e-03],
       [  2.34996914e-03,  -3.78217431e-03,   1.04076639e-03,
          1.78892701e-03,   1.41304010e-03,   7.46223555e-04,
          2.03749700e-03,  -4.39968258e-04,   6.04458112e-04,
